Cn	r	z(m)	z(s)	sol_time(m)	sol_time(s)	mmccp_max_len_inc(m)	mmccp_max_len_inc(s)	mmccp_sum_len_inc(m)	mmccp_sum_len_inc(s)
80	8	2.3599331628015556	0.6695082198940816	0.6761806726455688	0.23526468949488644	0.0028541402538941217	0.008562420761682366	2.5414892511949487	0.9319769318226105
20	8	1.2404432191903507	0.18677461632511125	0.05140111446380615	0.007377933671551746	1.226273925730675	0.16799992784500942	4.562200712500124	0.8521209862271066
10	8	1.3814296664559822	0.3251698379791508	0.004763031005859375	0.0010604702535434133	1.3814296664559822	0.3251698379791508	2.758624956128797	0.9365460821918775
100	8	2.8088297941527793	0.8217709002321137	0.8565642356872558	0.22406249953832963	0.008963951096974721	0.02611672552435664	2.7421996217650966	1.2384037953793106
30	8	1.1806277849955593	0.37919491567805585	0.11437487602233887	0.03113924724567344	0.32692545307930726	0.3812218280278991	3.5416595743855988	0.849419934752937
40	8	1.5783409574507112	0.6450632249656543	0.23527052402496337	0.06059630880033465	0.3069601043758084	0.2965494115669172	3.5761502821281477	0.6184934900210959
50	8	1.8321359428332347	0.5533993916178683	0.312601113319397	0.11420159317412874	0.02097085721602896	0.03265932975400146	2.6875561232408254	0.9405031152084457
70	8	2.101467995984746	0.41897922181481967	0.6768925666809082	0.227851004235573	0.044128887092504884	0.10197550175472608	3.306172400489514	1.4033196066025857
90	8	2.683067484645677	0.8441907898880164	0.7850634574890136	0.33173041546857884	0.033634548483694585	0.06754871232100611	2.5580725197952967	1.158851833422572
60	8	2.0211416579157047	0.3506157794758987	0.4086726903915405	0.1561427038956421	0.0	0.0	2.664690457173572	1.21704433779111