Cn	r	z(m)	z(s)	sol_time(m)	sol_time(s)	mmccp_max_len_inc(m)	mmccp_max_len_inc(s)	mmccp_sum_len_inc(m)	mmccp_sum_len_inc(s)
80	2	3.9749251449639464	0.38275624349856074	0.06934833526611328	0.011430399651596186	0.0	0.0	0.0	0.0
20	2	2.4787692980512586	0.7497730803752869	0.006624698638916016	0.001689843108893177	0.0	0.0	0.0	0.0
10	2	1.589705210970832	0.7899051679047253	0.0027260541915893554	0.0006544476687904427	0.0	0.0	0.0	0.0
100	2	4.264242413813276	0.7073281159467713	0.11674716472625732	0.03054769478360782	0.0	0.0	0.0	0.0
30	2	3.1833270358543966	0.6939601679682686	0.010741496086120605	0.0009268678847827046	0.0	0.0	0.0	0.0
40	2	3.626918562193719	0.6615921750708014	0.019991850852966307	0.0034985165729974864	0.0	0.0	0.0	0.0
50	2	3.751573105307217	0.7028227730380502	0.02507476806640625	0.003438242026526026	0.0	0.0	0.0	0.0
70	2	4.045283280189401	0.8274844482092886	0.05147223472595215	0.010323221672894463	0.0	0.0	0.0	0.0
90	2	4.224286505666762	0.5910542109776868	0.09123737812042236	0.021915413243705568	0.0	0.0	0.0	0.0
60	2	3.2982992070733745	0.3635867515449555	0.03525047302246094	0.007523603072600649	0.0	0.0	0.0	0.0